0.28257103
0.20747293
0.10626211
0.05508497
0.03899772
0.02723464
0.01970052
0.01542063
0.01218949
0.00987790
0.00818928
0.00687808
0.00586849
0.00506508
0.00440645
0.00388121
0.00343942
0.00306520
0.00275538
0.00248715
0.00225622
0.00205672
0.00188182
0.00172873
0.00159357
0.00147309
0.00136661
0.00127092
0.00118456
0.00110739
0.00103719
0.00097344
0.00091549
0.00086246
0.00081397
0.00076946
0.00072840
0.00069069
0.00065577
0.00062335
0.00059343
0.00056554
0.00053956
0.00051535
0.00049272
0.00047156
0.00045173
0.00043310
0.00041564
